 -0.979496939  0.038395480 -0.693058178 -1.066134448  0.165172417
  1.201153758  1.082307482 -0.451631071  0.517096889  0.902850953
  0.535567566 -0.653983347  0.301246764 -0.145799087  0.412386774
  0.382304840  1.117897449 -0.243684206  0.601956193 -0.734664618
 -0.334087849  1.335413081  1.557782201  1.234090366  1.233086211
  0.262785177 -0.261028701  0.673968344 -1.403275219  0.441984920
  0.220830592 -2.397174898 -0.434024638 -0.477110008  0.578424763
  0.876632564 -0.791041390  0.312057160 -1.886185814 -0.028874838
 -0.244012313 -1.186858525  1.359175412 -0.350743860 -0.106126709
 -0.826930295 -0.778953030  1.207557211  2.024589623 -0.505220747
 -0.283303568  0.198535972  0.483254700  1.016094425  0.885782725
 -0.958262599 -0.196185496  1.134111459  0.732205792 -0.947511011
  0.425751324 -0.814933157  0.052368797 -0.386633723 -0.092237145
  0.307717059  1.143542113 -0.941662730 -0.642706802 -0.001804500
 -1.250783808  0.243984377 -0.720820928 -0.801961164 -0.323938212
 -1.160681293  0.851800748  0.173543946 -0.470886890 -0.389902139
  1.128477502 -0.168804907 -1.040170517  0.865799489  1.145618968
 -0.330719764 -0.686158389 -0.899925550 -1.413136425  1.639270627
  1.996815150 -0.250311824  2.150401937  0.105794866  0.520787591
  0.778741718  0.736448785 -0.419710882 -0.583741417 -0.047770623
 -0.840647998 -0.330893659  0.191434908 -0.712689467  0.666636232
 -0.497875061 -0.676209502  1.100053464  0.549575657  1.207034094
 -1.976499532 -0.765747105  1.963115618 -2.657599784 -1.482582060
 -0.611419665  0.542003432 -1.816709056 -0.148299210  0.204163697
  0.448703102  0.306080178  0.160324008 -1.504180818 -0.208460596
  1.036484860  0.413177582  0.478553272  0.151351044 -0.143067423
 -0.846403637  1.266105064 -0.472404528 -0.238701024 -0.900673514
  1.467787274 -0.741366580 -0.838794887 -0.463203750  0.513753173
  0.097344676  0.295920253 -0.769086239  0.513372063  0.794075024
 -1.735533499  0.660230512  0.658756513  1.697403626  1.348874673
 -0.216322414  0.160441841  0.546329766  0.614554948 -0.034147204
 -0.325806042 -0.443677751 -0.885267988  2.352981344  2.320433617
  0.379850838 -0.148512137 -1.026759704 -0.458606512 -0.862671345
 -0.571679738 -0.371704845 -1.506443755 -0.759266796 -0.112090560
  0.563281430  0.457669792 -0.250156948  0.114344660  0.922006955
 -0.126778352  0.338333875 -1.401584267 -0.562708018 -1.628534285
  0.886430871  0.672974362  1.171289644 -0.472846714  0.859002789
  0.324377609  0.920708574  0.386185614  1.244352536 -0.137224269
  1.633782641 -0.684990307 -0.875346817 -0.208693546 -1.026457037
 -1.720549337  0.305166122 -0.489195071  0.128866620 -0.829444893
 -2.045296274 -0.927001781  2.420750708  0.422232013  1.014491266
 -2.395715333  0.320428761 -0.454825568 -1.207926397 -0.997059928
  0.053412794 -1.053011653 -0.619600900 -2.076498024 -3.113604089
 -0.102923804 -1.245472455 -0.719168936 -2.227749684 -0.352664042
  0.206011628 -0.493099510  0.138605783 -1.138136676 -0.537966987
  0.028348570  0.140561611  0.444425826 -0.702265300  0.350425892
  0.213138900 -3.002462806 -0.484899272  0.443713945  0.144523818
  1.296148630  0.940233273  0.961329942 -1.021670654  0.240191746
  0.402848556 -0.509527663  0.222153318  0.641707391  0.116298256
 -1.298731661 -2.188515061  0.068701183 -1.128003353 -1.375253533
  0.223767527 -0.497777839 -1.062591662 -0.929287643  0.099091219
 -0.361160822 -0.029846583  0.252825127  0.799735108 -1.136893459
 -1.213958605  0.463553393  0.030946389  2.455672605  0.738928047
  0.243268572 -2.153346389  1.143579170  1.018693229 -0.142282867
  0.707615402  0.393141775  0.424006811  3.023910287 -0.190530585
 -0.742911527 -0.015875725 -0.932372901 -0.347599561  0.392791846
 -1.813905939  0.609347570  0.113682359  0.505166652 -0.653988574
 -1.188453890  1.158481666 -0.160220990 -0.728343182 -0.465504387
 -1.612380466 -1.063024330  0.499217713 -1.143843356 -0.271786696
 -0.105654028 -0.046248709 -0.083073463 -0.459144715 -1.107774692
  0.446512518  1.436004372  0.544206340  0.237986129  0.865869468
 -1.391167190  1.789073487  0.709467677 -0.404881864 -1.677274462
  0.146360709 -0.673510369 -0.063093682  2.019079766 -0.449331584
 -0.911817011  0.952485463 -0.220066568  0.153122273  1.412406554
  0.270904012 -1.342640092 -0.466670666  0.119584318 -1.096579187
 -0.240724833  0.840019216 -0.714467385  1.682552552 -2.432237999
  0.997685674  1.202233781 -0.903854765  0.931743488  1.083470232
  0.314587504  0.354285850  0.481320135  0.279723801  1.242554949
 -0.615983953  0.162205154  1.132456478  1.490480887 -0.266767593
  0.028551826  0.312378264  1.217261759  0.651826267  1.810227758
  1.066486295  0.023871556  0.037634883 -1.278455487  0.158857118
  1.058947413  0.838459319 -1.857814502 -1.591425661 -0.407121383
 -2.982136882 -0.815229966 -1.132427960  0.324272279 -1.569125113
 -0.512521262 -0.118046257  1.637754366  0.449554557  0.046179238
 -0.451644827  0.557013780  0.207714126  0.078970427 -0.128234234
  1.609583586  0.431658294 -0.380568316  2.134575342 -0.796259239
 -0.212344270 -0.279720100 -3.557961148  0.186504082 -0.041512809
  1.501253351  0.807491536 -0.683247040 -1.397772855  0.515270769
 -1.048777270 -1.508698402 -1.804368234  0.197347137  0.452746415
 -1.893622908  0.435243012  0.160068670  0.067920453 -1.350060531
  0.087202335  0.384097251 -0.081842730 -0.676061105 -0.246589662
 -0.005366001 -1.111245744  1.676396472 -1.154804302  0.276339856
 -0.069663318  0.365502943 -1.470043503 -0.397087449 -1.497546027
  0.861931268  0.348698345  1.122884422 -0.492867247  0.160872497
  0.517087604  1.913458075 -1.122353326  0.052788979  0.947645967
  1.745092232 -0.671022588  0.557894228  0.116928435 -0.014238285
  0.316247828  0.110357292 -0.828508942  0.730784684  1.291360072
  0.412528264  0.241648300  0.088152398  1.545181882  0.219686022
  1.065954356  1.027331553 -0.930422041  0.403880312 -1.490131921
 -0.337251781 -1.984406688  1.653009026 -0.614134105 -0.086865162
  0.965545228  0.387847879 -0.059280994  0.542192959 -0.171255475
 -1.810921902 -0.303418034 -1.209078469  0.597306411 -1.259730194
  0.159256629 -0.949030686 -0.110890207 -1.532343012 -0.085704401
 -1.152838056  1.421988790 -0.655177407  0.462525028 -0.406995302
  1.220270233 -1.661501426 -0.378847600 -1.359681675 -0.690037847
 -1.714575521 -0.553480240  1.785828663  0.376514674  0.279783639
 -0.840651439  0.540133161 -0.966452735  0.123204416 -0.315300178
  0.164424570 -0.622295111 -0.324976683  0.827866848  2.119048752
 -1.080399185  1.493697270 -0.825330542 -0.078568556 -1.518931507
  0.676629582  0.641046241 -1.116584396 -1.225268781  0.650772598
  2.242829350  1.363125083  0.158399174  1.194652212  0.728240453
 -0.313179047 -0.212131491 -1.687027479 -1.452695922  0.032930239
  0.765974944  0.965457863 -1.150950737  1.662779346 -0.524638621
 -1.211577348 -1.429940334  0.658171300  0.187279609  0.722093987
  1.050568555  0.546331783 -0.601461790 -0.905169250  1.802854038
  0.984878472 -1.075763665 -2.202934111  0.450016714 -1.278747864
  1.767106040 -1.246869073 -1.238031644  0.483892794 -0.023046258
 -1.002812845 -0.140866860  1.068420671 -0.945973115 -1.067835666
  0.436104654  1.101419027 -0.087062597 -0.096583421 -0.617549263
 -0.352766683 -0.771163674 -0.771556269 -0.720612806 -0.326099778
  0.022977348 -0.795363150 -0.636090066  0.806202842  0.644130083
  1.112259455 -0.753842020  1.245512674 -0.730147768  0.893429871
 -0.193493974  0.112913220  0.068640561  1.216925058  0.622993102
 -0.937163533 -1.122341188  0.729975991 -0.117183965  1.147188929
 -0.785334161 -0.871230170  0.611289644  0.502975663  1.740499020
  2.603527765 -1.944874033 -0.168820600 -0.568869326  2.306455755
  1.583014477  1.531024835 -0.570863436  0.571543306  0.457408654
 -0.990021560  1.053872063  0.011701038 -0.398907161 -1.120994394
  0.817196249 -0.109030290 -0.578018231 -0.091733034  0.170551180
 -0.585596677 -0.955245909 -2.142874596 -0.329758488 -0.875262073
  0.742281582  0.916499436 -1.212376640 -0.646813873  1.119505700
  0.116688705  0.391683062 -0.986749141 -0.097775847 -0.867657071
  0.389896052 -0.136449473  1.328509294  1.535405658 -0.451599328
  0.745475225  0.477684778 -0.315841323 -0.248661429 -0.548247762
 -0.269462122  1.602461369  0.416008617  0.116728136  1.179302656
  0.317516682  1.658827651 -1.282601318 -0.387586807 -0.470881046
 -0.084490793  1.691545701 -0.223407248  1.468604579  0.648102682
 -0.219251975 -0.686491745 -0.227449341  0.437639002  0.173372585
 -0.620253285 -0.650129899  0.019156596  0.541953560  0.400073405
 -0.590481763  1.413922287  0.967836396 -0.534985883  0.131111567
 -1.586168872 -1.270506218  1.631379775 -0.569543420 -0.139977375
 -1.744123818  0.367347831  1.062214539 -0.282736514  0.517372268
 -0.337958655 -0.800617194 -0.526162825 -1.240208675  1.116966269
  0.485585618  0.221035236 -1.211267513 -0.095156147  0.143827619
  1.501387141 -0.143923374  0.043020328 -0.955674147 -0.729721943
  1.224013869  1.910981168  0.811977191  0.766309776 -0.231753113
  0.739631219  0.995883613  1.577621172  1.837004314 -1.205158880
  0.145270529 -0.667822534  0.218598613 -0.200181102 -0.346804378
  1.043985429 -0.532205430  0.937109867  1.020297409 -1.415284056
  1.016128467 -0.849871080 -1.957585825 -0.454530946  0.533562343
  0.435617334  0.521046977  1.453470810 -3.196613539 -0.120605664
  0.511090334 -0.385626385 -1.070124865 -0.258793032 -0.391070941
  0.725044968 -0.632723408  0.624580615  0.292842167 -0.496096710
 -0.721967397  0.832483219 -1.628637814 -0.012204909 -1.691714774
 -1.631483690  0.260051023  0.362627944 -0.867761856  0.507911398
 -0.425750108 -0.485677317  0.430116434 -1.545234566 -0.868396679
  1.757379624  1.064540200 -0.576976457 -0.640716287 -1.748044101
 -0.447768759 -1.492706337  0.524366352  1.727574081  0.463013595
 -0.146085630 -0.804588624  0.302447278 -0.078640462  1.280241929
  1.447579592 -1.248399420 -0.317820614 -0.385647895 -0.733185829
 -2.583063203 -0.579591942  1.265554966 -0.459817567  1.173330773
 -2.243693058  0.439926261  2.002893968  1.573204362 -1.955605410
  0.755691192  1.124985607 -0.553029711  0.502696494  0.291532315
  0.522809595  0.058178759 -0.393840964  1.284667472  0.210957769
  0.806776099 -0.377347573 -2.267419218  1.866937138 -1.040613411
 -1.036791774 -0.331862687  0.295071261 -2.531366569  1.023709182
  0.645894864 -0.964376707 -1.523700501 -0.566018808 -0.874239772
  0.805995355  1.779647712  1.288512478  1.401969162  1.692776885
  0.824620248  1.721362457 -0.240569154  0.051676477  0.319372829
 -0.827653433  0.328091191  0.714819739 -2.293099344  0.563782904
 -0.490574692  1.064240336 -0.348746638  0.028506795  1.640502667
 -0.247224743  1.280956472  0.541298220 -1.353731981  1.350595317
  0.105408656 -1.805575214 -1.660794212 -0.298755126  0.221326296
 -0.003158082 -0.777820271  0.724873730 -1.189273455  0.592200394
  0.315795238 -0.748139135 -0.115181289 -0.982099793 -0.587768179
 -0.096328206  0.693514704 -0.770271016  0.517804665 -0.589394378
  0.668050812  1.086236994  1.407420341 -2.233459145 -0.934994522
  0.124566217 -1.755875895  0.183291987  1.426532361  0.479116841
  1.737527467  0.038540059  1.265534468 -0.842159264 -1.701418624
 -0.041229058 -0.227862712  0.875749930  0.311566712  0.445601104
 -0.915114082 -1.388880945 -0.411531381 -0.572986347  0.944645702
 -0.291947737  0.405518378 -1.725000347  0.979634270  0.624277129
  0.718423458  2.212676551 -0.780118021  1.585421068  0.477483390
 -0.703277515  0.063980021  0.869864470  0.391646968 -0.058383433
  0.230929622 -1.198757578  0.132472059  0.218525951  0.402330371
  0.423846318  0.689480349 -0.434560736 -0.512636595 -1.352661159
  0.005019318 -0.916564445  0.684027029 -0.045250042  0.475685811
  1.475954595 -0.079317334 -0.633788920  0.910320482  0.002326894
 -1.323996124 -0.628868198 -1.335862869  0.674492723  1.281241288
  0.005856538 -1.049006750  0.644811856 -0.945167990  1.205561483
 -0.957352797  2.191115023 -1.232912153 -0.325144531  2.410826376
  1.726746261  0.492966714  0.450473925  0.431010825  0.130770921
  0.689707055 -0.839943278 -0.399561711  0.779284967 -0.967430655
  1.219089219  0.639332600  1.116626250 -0.796472353 -1.212197439
 -0.597530280  0.473723910 -0.962959208  0.439028313  2.559761388
 -0.670577246 -0.628558565  0.057576775  2.368666630  0.500124749
  0.984199461  1.180936985 -0.851030667 -1.986863966 -0.339458872
  1.571015883 -1.207918231 -0.348453571 -0.169908465  0.035928849
 -1.382666416 -1.648007850 -1.405306174  0.339005308  1.501261334
  0.759585322  0.514083885 -0.428559616 -0.978001623 -1.311624044
  0.142374657  0.493491655  0.596121844 -0.826972800 -0.059467212
 -0.257070487 -0.070017424 -0.816180168  0.078500280 -1.236401937
 -1.014109827 -0.509366328  0.032556300 -0.665703064  0.666032801
  0.895971773  0.114998552 -1.169265222 -0.139737186  0.525700725
  1.123731905 -0.082779143 -1.091211242 -0.354038815  0.815425980
 -0.606545329  0.520866652  0.576292322  0.503553351  0.390540216
 -0.928662745 -1.599140346  1.062296970 -1.828463344  0.589952736
 -1.769522863  0.735744674  0.887960687  0.883615224 -0.775423588
 -0.263086722 -0.617389036  2.941861980 -0.295843512 -2.279655763
 -1.781664798  0.918785384 -0.992086272  1.402667922  1.165065173
