 1.586437828 -0.173521290  0.029104697  0.985189469  1.251934180
-2.243599337 -3.302687653 -0.295963591 -1.261539151 -0.904034515
 2.514473258 -0.780050988  0.233154600  0.384279588  0.008905514
-3.098835155 -0.504096329  0.171155277 -1.097846159  2.355008250
 0.020509657  1.812721830  0.063494189 -1.166967549 -1.099294759
-0.373575137 -0.289300872 -0.388406113 -2.055491486  0.566897638
 1.046126314  1.175636110  1.681965319  1.780673919  2.344418705
 1.381768334  0.427187683  0.028059869 -2.531182569 -1.822901121
-0.687415107 -1.582536068 -0.536246056  0.178823984  0.321501139
 1.604818734  0.661058156 -0.215297407  2.493471006 -0.344604521
 0.989250625 -1.049139281 -2.591489872  0.705475711 -1.344426267
-1.536460039 -1.456549657  0.508948065 -2.981898682  1.191409698
 1.118052552  1.744436222  1.545303327 -1.880229995  1.114862743
-2.329036856 -0.391940252  1.110555750  3.226784466  0.458376054
-0.457606617 -3.617136672 -1.284289902  2.205571161  0.848896952
 0.991148992  1.777290690 -0.751043729  0.473009009  2.256198868
-1.408418945 -2.139341115  0.307848074  0.310537527 -0.869504406
 2.576597575  0.190876519  0.117522504  2.163864061  0.837025736
-0.828288965 -0.111896892  0.672210061  4.355485796 -1.340411788
 0.183080037  2.318513041 -0.341833634  0.692331433 -2.246600506
 1.730983219 -0.320271832 -0.825599060 -0.614392182  0.324365847
 2.223789346  0.404351101 -0.565275411 -1.345503021 -0.168978082
 0.173205875 -2.732500451 -0.063383338  2.851102685  2.472789599
-0.437118262  2.302974869 -0.987647953  0.595940708 -2.172778420
-0.315745986  1.426024643 -0.372185067  1.518051235 -2.396311332
 0.028317323 -1.148195098 -0.326488140 -1.127171706 -0.839768671
-1.560507775  1.150988320 -2.274640688  0.079512631  0.646625458
-0.974521446 -0.435737463  0.873113997  0.287616148  1.534227259
-0.496954678 -0.242503979 -0.255922921  0.609285853 -1.813757997
-1.820453904 -3.130676544  0.162242090 -1.396506030 -0.951393760
 0.195011014 -0.472069102 -0.100137954 -0.622173053 -0.841368242
-1.214476164 -2.792630473 -0.478999294  2.456350158 -2.059392828
 0.750488666 -1.899868620 -1.010117694 -1.704615066  1.506673032
 0.134695949 -0.539767432  2.336981804 -0.534432659  1.097061269
-0.390981089  1.233944019 -1.924529361 -2.243325869  2.088574353
-0.724179943 -0.844700300 -1.493220323 -2.457623356 -1.100106650
 1.391531644 -1.017282361  1.930191631  0.462567252  0.240058146
-0.147430338  2.557036117  1.077676591 -1.367606974  0.050447293
 0.338231239  4.636451529 -2.272390645  0.803660381 -2.293538649
-1.096275083  0.188883133  0.304565482  1.002981853  0.932613921
 1.090657329  0.010674353  0.151701545  1.846833584 -0.866110834
-0.523734953  0.549072324  0.134958116 -2.586711476  0.236658892
-0.290980921 -1.468382353  2.884688889 -1.211975776  1.001266465
 1.796949547 -1.015472925 -0.820303236  1.346252897  3.543671340
 0.838083406 -0.359071340  0.281762356 -0.787691307  0.368881846
-0.808513663  0.398818223  1.654527205  1.154440232  1.506883359
 2.187319745  1.890514575 -1.398368982  0.049359516  0.084459344
 1.316209118  0.152364052 -0.108953610  0.813262673  1.913620136
 0.820063680 -0.111158028 -0.019417102  0.831162996 -1.196119324
 1.429762275 -1.050770140  2.268807132 -1.867728047  1.983980539
 1.135495351  0.825671439  3.082317519  0.471582172  0.350656473
-3.463353165 -3.190667060  1.740833682 -0.439266641 -1.987864272
-1.749769605  0.474454275  0.601536398  0.341481755  0.641112870
 1.947167175  2.337501960  0.875267265 -4.284301088  0.643328166
-0.987271940 -1.577813779  2.827320156 -3.135585046  2.114405164
 0.633799008 -0.165201378  0.542819123  1.558259419  0.720396383
 0.414456156 -0.829125188  3.475655700 -2.695388637 -1.018708044
-0.613633299 -2.334092296 -2.833771988  1.597883003 -1.548624975
 0.396076340 -1.796157252  0.429908924 -1.519947023 -0.159486124
-0.385326524 -3.935094596 -0.689100908  0.932720559  0.353028491
-2.237884582 -3.436211580 -2.890788110 -0.717690521  0.893401302
-1.464546772  0.070374371 -1.322875576 -0.314543821 -0.008920686
-0.228580132  4.281105325  0.101743656  0.478334418  3.195592922
-0.010877637 -1.641777726  0.450276992 -1.124417819 -0.924976519
 0.032266016  0.801449073 -0.236224751 -0.484422592  0.419645960
-0.914595753  0.086985985  0.046558411  0.736324925  0.587438070
 0.199696414  0.216282270  0.045557302  0.962739220  0.126872131
-1.246299907  0.194767519  2.795240353  1.291953687  0.257613708
 4.004239742 -1.293612798 -0.055883517  2.563187366  0.026656537
-1.241548116  1.556482597 -0.918485405  2.629305405  0.505761364
-0.318836124  1.274208630 -0.797883471 -2.732416685  2.276816457
 0.459461199 -0.753044733  0.309186078  0.918681885  2.366023621
 1.020832113  0.678110115  1.653671647 -0.354637302 -1.476112333
 1.528749295 -0.417511054 -1.725169155  0.570274224  0.736444655
 0.873547632  0.380908051  1.678898555  1.264530986  2.412813338
 0.004087008 -0.149819652 -2.534463818  0.040832109 -0.152029701
 1.888899363 -0.354883306 -3.304076622  0.006489701  1.499141148
-1.969165669  1.648939001 -0.016601429  3.766820829 -0.021994296
-1.460631992  0.955381215  0.780767258  1.301696161 -0.274764644
 2.487373490  0.438364171 -2.504383459  2.628390765 -0.770411249
-0.905205485 -0.799131890  1.960047212 -0.847953235 -1.471010538
-1.263394951  0.378793190  0.942555641  0.845674428  3.080471810
-1.593175818  1.920915797  0.507595543 -0.371167318  1.565105256
-1.801001396  0.992577683  1.586159093 -0.384656338  2.003537502
 2.575165188  0.298074798  0.845631308 -0.554452502 -3.502892961
 0.291479885 -2.274085028 -1.729169456  0.049965467  1.482335606
 1.414803381 -0.727355646 -1.012058624  1.685037293 -1.020319932
 0.354051935  0.435806093  0.267422339 -0.834363149  0.316398047
-0.126235718  3.144045232 -3.157095145  0.264959482  1.386185657
-1.158091982 -2.086893924 -0.263042130 -0.690054452 -1.600864280
 1.129643902 -0.314246589 -1.124158328  0.453084759  1.080691720
-0.943066591 -0.334047137  1.170314748  0.464285944 -0.624337937
 0.602690297 -2.594847278  1.059641005  0.908316068  0.847762424
 4.091100325  2.261009009  1.501234393  0.284160656  0.271924437
-0.219956637 -0.220201629 -3.996750195 -3.372306459 -0.327083358
 1.080907913 -0.196623429 -1.008439872 -0.822428052 -1.289173551
 0.305768225 -1.541316130  0.419107762  1.254975312  1.088509991
 0.432734757  0.363047514 -3.917244972 -2.351239962 -0.824052639
-4.180407470 -0.041812722  0.552952872 -0.443859557 -0.147175650
 0.540844921  0.395129070  1.618658760  1.395056145 -0.159070475
-1.532434460  0.005723345 -1.486256672  1.169497468 -1.510852826
-0.707779157 -0.753556427 -0.900004311  2.612372944  0.503385968
-2.399937786  0.211224768  0.023056394 -1.769496250 -0.207236648
 0.892876845  1.373163866  2.276147559  2.062096501  2.669806161
 1.667409637 -2.317546117 -2.590010939 -0.329607810 -0.710739597
-1.165283745  1.620311273 -0.301939032 -1.669295925  0.227108532
-0.472671612  0.327619098 -0.305493985 -1.240485933  1.679694376
 0.469350214  0.481218205 -1.710042944  3.837221244 -1.102410102
 2.662070448  2.220621418 -2.849555828  2.670981203  0.765830035
-1.204634883 -0.954876572 -0.550607384  2.031876447 -0.228458319
 0.233345910 -0.441482574  0.502864780 -2.275539484  0.223802824
 0.485920615 -0.457186678  0.405913549  1.193631184  0.537966848
-1.865608128  0.638581961 -1.904128832  0.517036696 -1.558685844
 0.075392674 -1.818655293  0.606908929 -0.056876188 -0.467272442
-1.203600842  1.423733239 -1.565785240  0.025557782  1.899572842
 1.946415961 -0.455649801 -2.154290335  2.218275923 -0.521222910
 0.775651789 -0.340889107 -2.207051464  2.811823202 -0.084789811
-2.191861291 -1.016129085  0.077315122  0.804162837 -0.933480997
-0.148308899 -0.269283041 -2.738339369  0.047832240  1.194773287
-2.549329210  3.149724423 -2.401169975 -3.839222278  2.438998899
 0.579787227 -0.334048787  0.263790770  0.390871983 -3.702039212
 0.899235558 -4.589263591 -0.424450078 -0.136218299 -1.638725468
-1.882908735 -0.704446667  0.297224364 -0.254465366 -1.397830032
 0.888392560  0.821973751  0.025658057  1.864353713  0.102383234
 0.041064832  0.785562875 -0.551570758 -1.590647205 -1.194280728
-0.858302306 -1.915165894  0.307595963 -2.201371557  0.325668735
 1.256684168 -0.502239247 -0.866967033 -0.072354175 -1.395824840
-0.896469959 -0.129285482 -2.856594646  0.402164271  2.484576381
 0.565600212  0.823661974 -1.008842298 -3.245943353 -0.863380818
-0.383086790  0.388804886  0.124624556 -2.008758636  0.853439937
-0.119704664 -1.012903732 -1.265974221  0.251929028  0.037590179
 0.044088114 -2.751797980 -0.840057246  0.257411639  0.310692443
-0.089230691 -0.005239869 -3.723044959 -0.904164590 -0.149921000
 0.960685338 -1.795505001 -0.697451365  1.552486009  0.898035095
-1.305617802  0.045471350 -0.959347349  1.205991580 -1.706778625
-1.549017072  0.905577680  1.898716420  1.039840470 -1.001871187
 0.711544833 -0.260297380 -3.462209957  0.146973786  0.958461419
-0.765281669 -0.025908366  0.635441714  0.266442101 -1.811381349
 0.413399387  1.892591927  2.488767830 -0.378267632  0.127929419
-0.427831783  0.031011368 -1.563275741 -1.246458773  0.311547773
-0.180237912  1.882540374 -1.004542113 -0.923676867 -0.402973169
-0.838379542  1.262971213 -2.529640562  0.917016744  1.246454655
-2.552697344 -1.606126310 -0.544851709  1.116559242  1.260038955
-2.657041980 -1.794943531 -0.443686244  1.352044712 -0.407990006
 0.314931755  2.487875098 -0.623126866  1.584886902  0.545437731
-1.506566209  0.360169614  1.810757979  1.983120377  0.171512567
-0.958333518 -5.680584807 -3.782258374  2.069343930  0.612245059
 0.992000864  3.600340901  1.375459136  0.069375398  1.330625109
-1.706408387  0.109749003  1.782806939 -2.028166076 -0.856520639
-0.403928001 -0.002318841 -2.201650360  2.032913454 -1.595283736
 0.711183115  1.068062656 -1.824076328 -0.185316598  0.733807503
 0.303412872 -0.014626983 -0.754077542  0.282814612 -0.248186868
 0.879810023  1.523944210 -0.800739046 -0.075221169 -0.215553495
 0.424144024 -0.926998605  0.090294165 -2.106181570  1.402942687
 0.109286984  1.240471612  0.189118898  3.609431403 -0.396421438
-2.334344799 -0.572263070  0.372424844  3.064056993 -1.487034048
 3.646222906 -2.823948329  0.425875686  1.128291632 -0.869084124
-2.552486465  1.284900629 -0.861093732  1.261216959  0.355934641
 2.233799921 -0.605376583  0.189451000  3.480050280  0.031929377
-0.751661724  1.158598569 -0.597123850 -1.207182487  1.804513791
 0.885540401 -0.447775665  1.392293874 -2.195829576 -0.281435447
-0.883654039 -2.196762925  2.428892391 -0.116897600 -0.309216653
-0.237976571  0.533570942  0.205677921  1.812528011 -1.705077676
-1.896522912  0.482538571 -0.452035352  1.222422467 -2.524955334
 2.382296558  0.458158985 -2.501349418  0.027411063  0.394106559
 1.514564267  1.874166642 -0.788310185 -0.974800544  0.069960644
 0.890266594  1.501899064  1.642406688  0.890532803 -0.505533714
-0.488507277 -0.969308963  0.044532770 -0.889496328 -1.726316970
 1.136420954 -1.216343815  0.624392933  1.267623389 -1.918937198
 0.474556029  0.405827571 -1.754332675 -1.333460143 -0.154668458
-2.721691761 -0.427130578 -0.630461968 -0.291303240  1.124164231
-0.622795463 -1.042359223 -1.343778480 -0.749197324 -0.093718930
-1.709200922 -1.764239605  0.351385177  1.216242683 -0.180528783
-0.331613071  0.411665977  0.713619531 -0.655146596  0.532257890
-2.666850099  1.416028647  2.015033166 -0.143957403 -0.153408537
-2.024392715 -0.098602395 -1.828590001 -0.848250159 -0.025945749
 1.685285099  1.074392247  0.404625944 -1.534978879 -1.630455921
 2.681317823 -0.701400762 -0.157665433  0.116106172  3.068129536
-4.192695274  0.584251290 -2.201294587 -2.681010323  0.979778963
-0.872813353  0.021805071 -0.762025387  1.214280494 -1.618751824
 0.290677265  0.543084055 -1.615693935 -0.732984670 -1.099320315
 1.007631631  4.310785151  1.112190392  3.731664467  1.438365350
 0.885125508 -0.403182258  0.360024285  0.902970593  0.955589560
 2.924211609 -1.987830642  0.402317957  1.086832433  1.572114437
 2.618296002 -3.066774916  0.119105856 -0.350061949 -2.150667468
 0.384242612  0.843791955  0.206981771 -0.843187241 -0.230329282
 3.044429344  0.998761210 -1.819109207 -1.533971324  0.178619760
-0.588934948  0.054041096 -0.890705206  0.067875621 -0.130627277
-0.229777897 -1.297182681  2.760604568  1.048196361 -1.605420094
-1.766796805 -2.105194219 -2.979375904  0.190650177  1.606002188
-1.764001780 -0.296183652 -1.329078437  0.841849588 -0.379962555
 0.751298733 -1.713790921 -0.760453507  3.296448225 -1.007274697
 2.464553974 -2.676422320 -0.091500265 -0.800600868  2.343254329
 1.377751546  0.468788127 -0.131576148  0.120824027 -0.180666339
-0.820956580  3.513673382 -0.327704817  0.569385668  0.536003112
 1.385893379  0.706143103 -3.926698382  2.061061426 -0.438372701
-0.031637783  2.760970629 -0.216232703  2.200503680  3.802359479
-2.254346576 -3.473891067  1.538895836  0.885828186  0.561112608
-0.584054764 -1.111883913 -0.629793217 -0.729781050  1.525807502
-0.073786088  2.359546425  0.585312297 -0.219067416 -0.653754219
