 -0.2972272657 -0.2667734997  1.7700790217  0.6907206655  0.5638031977
 -0.2814938975  0.5762631128  0.1362333182 -0.1646741339  0.6553593437
 -0.6946656873 -0.4474709106 -1.9084620288  0.5645083305 -0.2814208998
  0.9426388966  0.2324712474  0.0973908598 -0.5619633290 -1.0084493607
 -0.2590468431  1.1909097997 -0.1631951237 -0.3839392161  0.0892180209
 -1.3451538839  0.4736183674 -1.4164148480 -0.2516617774 -0.5390441813
 -1.0076974427 -1.4880167631  0.0476182330 -2.0916838308 -0.7573495867
 -1.5738677579  0.3515709734 -0.7110001147 -0.4167922306  0.3962661159
  2.6888791478  0.9947735348  1.6605162227 -1.2803313427 -0.4326733979
  0.4693133751  0.8929982504 -0.9469652024  0.5703125373 -1.3104346121
 -1.4264288457  1.0661694449  0.9063753937  0.7888196481 -0.7690670256
  0.3714770983 -1.1850562710  0.4605409795  0.4423635509  0.4645423074
 -0.0957209253  1.9635969396 -0.4623851074  1.3211493701  0.6579929653
 -0.1395055982  0.2242260973  1.5930255880  1.3109974061  0.1128372871
 -1.6394321811  0.0105374665 -0.3379576667 -0.0611906303  0.9593353226
 -0.5863128997 -0.0362603336 -1.1744038766 -0.1715478387  0.8880237138
 -1.6255912501  0.6746321345 -1.2560220195 -0.6705738713  0.8763559761
 -0.0524908992 -1.1224793538 -1.7495010440  0.3808136344 -0.3239276468
 -0.3351247709 -0.8708591580  0.2632062656 -0.1020297615  1.2298967066
  0.3851625398 -1.4122882555 -1.1713363338 -0.8512171438  1.7284809552
  1.0924078933  0.2033771764  1.4560496382  0.8291489549  1.0358113820
 -1.7206488807  0.2140724289 -0.5730218534 -0.3310684741  1.3320052915
 -1.1324997529  0.2964612954 -0.8894304339  1.9516020430  1.5846545775
  0.6690639363 -0.4619575895  2.4681216865  0.9545419899  1.3597793488
  1.3981741034 -0.0675136249  0.1191862822 -0.5868709316  0.1067961086
  1.0537007074 -0.7582435647  0.1133082497 -1.2325069327 -0.2951283861
  0.0428079559  0.5960468612 -0.8989373934  0.9848427241  0.8874008162
 -0.6761445262  0.8754652843  0.4655775914  0.9083340874 -1.8832856303
 -0.0691582400  0.3458310867 -0.5525146828 -1.0625619807 -0.7821901029
 -2.4219938434 -0.7039881122  0.4147199741  0.2168722301 -0.1387932187
  0.5576727324 -0.2984918201 -1.5048920069 -0.2917606524 -0.3970403316
 -0.0331054554  0.2996779815 -0.8665819191  0.2840053354 -0.1054788380
 -2.1518503547  0.6328156737 -0.1965807666 -0.6896726388 -0.3898828985
 -1.7655109558 -0.5362904323  1.0894678178  0.2989890638  0.6032121500
  1.7127975942  0.1112480439  0.3749708897 -1.9857966867  0.6315763397
 -1.8950942884  0.2022417180 -0.0021696068 -0.4294491051  1.2355900808
  0.9895881057  0.3133845927  1.5695736204 -0.8486444406  2.4859033617
  0.2609162729  0.5568540480  1.5127317189 -2.4357840364 -0.5341338593
 -0.7998334681  0.4733783167 -1.6722177320  0.0930173353 -0.9085950917
  0.7480619343 -0.1059874606 -0.9145010135 -0.2508348495  0.0491718889
  0.8631028938  1.3862305019  1.4996005806 -0.5833441751 -0.4118760046
  0.6932702984  1.3104250386  0.5028009710  1.3659439702 -1.3482925641
  0.7850968610 -0.3649985798  1.0603155806 -0.0993686993 -0.1254491232
  0.4191808338 -0.9402799387 -0.6082577353 -0.3328152314  1.5860168810
 -0.0685463692 -0.7819946465 -0.5539409354  1.7827352224  2.0617957225
 -0.1821362006  2.4593770349 -1.0495519940  2.0642371692  1.1994135606
  0.4748419543 -1.1474980275 -1.0779268949  1.1411455634 -0.2034815995
  0.9932258982  0.7157216601 -0.8116177719  0.0214371352  2.3349186576
 -0.0663763161  0.1089444095 -0.2590312724 -0.7158978275  0.6230041655
 -0.0295575832 -0.1269471573 -1.3444677211 -0.4096001734  0.1784746134
 -0.8164649105 -1.4474089771  0.6585735259 -0.1374488358 -0.1215540932
 -0.1373939496  0.7023219389  1.8025654667  0.2803882888 -0.2066110083
 -0.0893815684  1.0970770656 -0.5439499709  1.1508013554  0.0166926670
  0.9580592552  0.0457949620  1.0133991726 -0.4745398294  1.0822794174
 -0.3812109323  0.3776699113 -0.9282428181 -0.3789693543  0.5001265448
  1.4419693051 -2.4701880901  0.8753777482  0.7026905614  0.3343710566
 -0.4974162584 -0.3030550279  0.6684066380 -0.6074097700  0.6784090444
  1.2201263187  0.7636610439  2.7067685871 -1.2187302135 -0.9158606725
  0.0234407712 -1.0034740874 -0.9675976848  1.9902163106 -1.2561085484
 -0.9275954275  0.6112108910  0.3465934529  1.7844730420  0.1838800693
  0.1152862899 -1.0355068445 -0.4394932310  0.4892829927  1.0687438241
  0.7573800411  0.5665534173  0.4914691669  0.4808288493  0.4963896764
  1.3990128219  0.2124518603 -0.4777657962  0.0082653921 -0.3012417315
 -0.4053149956 -0.3612077225  0.0416562749 -0.9323794518  1.0463469202
 -0.1530030181  1.0331555144  1.2848532195  0.5914626230 -1.2834499546
  0.5736524412 -0.7278655907 -0.3269615395 -1.0326495466  0.3117508447
 -0.4431355409  0.0123899552  0.3411022814 -0.4608261054 -1.0810686617
  0.2487471012 -0.0223475700 -0.4901140838 -0.5814066881 -1.0376596213
  0.9832029287  0.1832510840  1.6523642556 -0.4675458161  0.2848732393
 -1.1954993627  1.2246845772  0.3766034698  0.5104872136  0.5447247602
 -0.3858010322 -0.4147443870 -0.9231407222 -0.5724545129  0.8737926471
  0.1759202192  0.1833632849  2.0039794639 -0.7827134922  1.0264663312
 -0.6747693608  0.8059445339  0.4782057141 -0.2082745006 -0.3409507703
  0.7348588380  0.8031607429 -0.1090123177  0.7068647097  1.0405055117
 -1.9607729483  1.1983029355 -0.3185640494  0.4648534910  0.2549562953
 -0.3923322115 -0.6976245983  1.5383849704  0.2464578613 -0.0692451613
  0.2754250720 -0.0049811306  1.0936756385  0.2594611543  0.7744628640
 -0.5177596936 -0.6403138519 -1.0845076573  0.0545522235  0.0441337762
  2.6686615255 -0.3206277539  0.2409494627  0.3883695483 -0.2475192421
  1.0147544919  0.6460137592 -1.4920819525 -1.6233085301  1.9714761420
  0.3217883791 -0.4199687871 -0.9602481483 -0.0391588324  0.3647866307
  0.6005773581 -0.0661475950  0.0738005177  0.4425626688 -0.1217665916
 -1.4770490768 -1.9616116268  2.1297209472 -0.0354771691  1.4814432391
  0.1827525158 -0.4588856111 -1.2323009824  0.1650563896  0.3300743437
  1.6605839931  0.0225398553 -0.4728959828 -0.4038903481 -1.1395450649
 -0.5215776110  0.7066412626 -1.0077173288  0.3959592593  0.9203510346
  0.8014509742  1.6214871842  0.4203000120 -0.7167003075 -0.7153505479
  0.3644846516  0.8730840354  0.4815431010 -0.0025334058 -0.2403026456
  0.8461270587  0.2352853485  0.5554023765  1.6989717471 -1.3709784690
  0.1949953121  0.1652609767 -0.3116669295 -2.7705904308  0.4627374153
 -0.6225393425  1.4523492433 -1.5486879914 -0.7956438631 -1.0169500039
  0.4216931267 -1.5266488304 -1.2002549313  0.0687310043 -0.2411751854
 -1.1465042021  0.6301010142  0.0588699444  0.1545271836 -0.6742010345
  0.9058221832  0.6800725060  0.8589251366 -0.3957002233  1.2644575176
  1.9784605764 -1.4741466778  1.1555788564  0.0971920840  0.6046059312
 -1.1064905168 -0.7886328391 -1.2733098479  1.3148470066  0.5396661646
 -0.5418682540  0.8405337977 -1.4827346541  1.5441668096 -0.3829348854
  2.2142504423  1.1839072631 -0.2691807351 -1.8869917249  1.0712256729
  1.0342017519 -1.4750421737  1.9339287901  0.3504670713  0.8631407330
  0.9979122008 -0.6178502932  0.6499485200  0.7451354226 -1.9707575250
 -1.0753120913  1.2503257359  0.0780884972 -0.8171114691  0.1122893844
  0.3195797313  1.2246066499  0.2302223831  0.3207265550 -0.6082013359
  0.6904211310  2.7241015042 -0.5079293430 -1.4110008633  2.3396088978
  0.0771837137 -0.4198370379 -0.2176551082 -1.1547528987  0.3827760024
 -0.6420326789  1.8953053389  0.2628200156  0.4606054369 -0.3987105529
 -1.1732542070  2.3682149894 -2.3390207602 -0.6289752266  0.5099725155
  0.5040903715 -1.3661406301 -0.6922646546 -0.3871903947  0.1683686580
 -0.9168831470 -0.7914510101  0.4163076493  1.7452529511  0.8908012748
 -0.0634251589 -0.0306557426  0.1915946412 -0.2853886986 -0.2091840441
 -1.3904988716  0.2205749554 -0.3428323669 -0.5385203240 -0.5165498077
  0.7646423560  0.2710607774 -0.2411758175 -0.4268132078  0.9688867558
 -1.3498039933  1.1011363808  1.3312449817  0.4975311723 -0.9944705224
  0.2260515790 -0.9729737956 -0.5944034956 -0.0234709312 -0.9026063563
 -0.9335208670 -0.2568703922  0.3643990674  0.7117269860  0.0446867769
  0.4740025213 -0.5111902752 -0.3874682987 -0.2349657983  0.3936593352
 -0.5876969543  2.7755635505 -0.1246149637  1.6028616972 -2.0243841520
 -1.3346008110 -0.5212851008  0.4046815541  0.7668107157 -0.4041931718
 -0.2220907276  0.1837862550  0.0255815068 -0.6659142504  0.1262694919
  1.0716309247 -1.0575115898 -1.0624928364 -0.2582100604 -1.1751027215
  0.1803064023  1.0261516587  0.4873056746  0.6685458044 -0.2380177798
  1.6298006455  0.0603147129 -0.2262194504 -0.6800594971  0.5207021351
 -0.7200186255 -0.1501345526  0.5702636353 -0.8213394321 -1.3821154812
  1.6346660476  0.9416793774  0.7542962676  1.0358998191  0.9672720221
 -1.3799336728 -2.1006372172 -0.7829955881 -0.8686800428  0.4626392078
 -1.6469895101 -0.2565824563 -0.4331433213 -0.3882262972 -0.7358148813
  1.2703085264 -1.0738434249 -1.1065412740 -0.6808534381 -0.4148941758
 -0.0145595568  0.0005734651  0.5164833211  0.1227626199 -1.6729053658
 -0.1438705827 -0.9947835852 -0.9087316021  0.4245177965  1.5448999104
 -2.0536063276  0.1476852213 -0.9639116758 -0.9374410164 -0.6558531296
 -0.1442529978 -1.7429668670 -0.3008063843 -1.6912391597 -0.3118318937
  0.6130309226 -0.7492171352  2.0999182615 -0.6484527776 -0.0435590116
 -1.3622182554 -1.1171216403  0.5024575618 -0.2589551353 -0.8585575554
  0.3340872272 -0.0790360655  1.0588225430  0.8964908061  0.6822020877
  0.0622330442 -1.5621330456  0.4974223917  0.7205815550 -0.7638358758
 -0.6124515830  1.6954266668 -0.6587493125  0.5779132766 -0.0807220510
  0.9835528433 -0.0117993042  0.2233390971  0.6168907261 -0.0754608905
  2.1430852509  0.3243255878 -0.3871640422  0.7720831268 -2.3175537962
  0.0703042968  0.2138652462  0.1736918979 -0.4552513471  1.8119966155
 -0.5617586613  0.3964614483  0.6829540141  0.3261618263 -0.7511391596
 -0.0627394366 -0.3116615675 -0.1420686478 -0.2079739136  2.5656330272
  1.9220741071 -0.1983670403 -1.0829720550 -0.7064213972 -0.0902311429
 -0.5880534983  0.8008832053 -0.6085991004  0.8102427571  0.5161507917
 -1.7477232201 -0.2268499066 -2.3674340155  2.3169550946  0.2196324959
  0.6611105600 -0.4355068240  0.3310168143  0.1685426104 -2.9655085023
 -2.1558242356 -0.9258043960  0.1707347176 -0.3467595675  0.0974878720
 -0.4046169569  0.1281647980 -1.0217317405 -0.0720021413 -0.0129971053
  0.4478643259 -1.6667827055 -1.6293064530 -0.8743110344 -1.0280740791
  0.1901686501 -0.2904922475  0.9314182792  1.5172541402 -0.4427985244
  0.4437881452 -0.2258061403 -0.2160500278  0.2721850352  0.3833144805
 -0.3259715498  0.2347658576  1.4731023763  1.9254342136  1.0877554298
  0.5329757929  0.5595436351  0.5340899246  0.0939210661  0.3203458927
 -1.3248597778 -1.5678173050  1.2435151673  0.3875890526 -0.9396834850
 -0.9302153913  0.5852526831 -1.6912683567 -0.0149895768 -0.3109697261
 -1.5218940685 -0.1655335759  0.2497614092  0.2392676671 -0.7656323209
 -0.0454366105 -0.3569631944  0.1906783698  1.3683927382  0.4436327974
  0.3442304053  0.6448593846  1.0692869188  0.3249699592 -0.1130428641
  0.1039094326  0.7636737577 -0.7645913509 -0.0491451889 -2.0123468484
 -0.4546607941  2.3016367585  0.8946616269  0.3521476599 -0.9189914831
 -0.5553655948 -0.8827399543 -0.1084942645  0.9269690876 -0.7855745731
  0.0605652409  0.8211426135 -0.5606190471  1.1504214712 -0.3610355822
  0.2613362922 -1.4881909343 -1.6097743904 -0.2652486981 -0.0614436961
 -1.1834009394 -0.4990822830  1.4354013413  0.5071759042 -0.0411878671
  0.5456920772 -0.4093707252 -1.8024705785 -0.9739493180  1.3779723908
 -0.8882560646 -1.2984376173  0.4126057228  0.1586950546  0.0372019785
  0.1328997535 -0.3073919955  2.6203082989  0.9841131397 -0.5123192285
 -0.5750631452 -1.3878498155  0.4096918199  0.2814423108 -0.3741727156
  0.3962552400  0.9744993712  0.3553760323  1.0540953235 -1.3635444589
  1.0765127240  1.9187034089  1.5151628484  0.8718126985 -0.2839776239
  1.7189855028  0.3520344125  0.2108904490 -1.3405526689 -0.5036521344
  1.4000211279 -0.5813006049 -0.8920581485  0.1310655808  0.0963542592
 -1.6503904582 -1.7784852324  1.0737469550  0.9883828638 -2.2199221127
 -0.4453638132  1.2350973747  1.6719227793 -0.9321728671 -0.7466730885
  1.3713687687  0.9023979326  0.4707253175  0.7560973150  0.8451766361
  0.5358875141 -0.0249817565 -0.9643595517 -0.7688092389  1.0303566079
  2.1060764423 -1.5430149749 -0.1280519411  0.9859526194  0.5716015414
  0.0887957938 -0.3652386071 -1.7866580562 -0.5187395189 -0.2841474601
  1.3925608080  0.1192530108  0.1549085894 -0.2817644878  1.2771907041
  1.4699991898  0.6737731176  0.2440977496 -0.7823358831 -0.0092024555
  0.8830091666  0.4368027976  1.4363252899 -0.9183730962 -1.9313097154
  0.4890692987 -1.1327465127  0.4726691033  1.9588455326 -0.5591463810
  0.6906425147 -0.0198844281 -0.3918867714 -0.0767448433  0.3476004203
  0.3596105869 -0.1388027726 -0.0945969707  1.2558176409 -0.3702949646
 -0.3744259772  1.8331897951 -0.3886813030  1.0577739614 -0.1500755294
 -0.5422974623  0.4536093733 -0.3440231790 -0.9473576121 -0.2919090285
 -0.9134176285  0.3231219389 -1.8823607933  0.0654326210 -1.4466022750
  1.1001324739  0.5980290681  0.0994521239 -1.1035192416 -0.5185199173
 -0.0212320393  0.8730473875 -1.3977291193 -1.4082896860 -1.7104696972
 -1.0070024646 -0.6133478806 -0.6388853390  1.7495731455  0.1447949563
 -0.7694849817  0.9104857922  0.3296573228 -0.4618691606  0.3863210818
  0.4742633651 -0.9069107563  1.4428169770  0.8829800827  1.2757898249
  1.3761301093  1.0432586494 -0.3181128713  0.3037618526 -1.2077403402
 -1.3647882643  0.1920696947  1.2355548906 -0.9100325876  1.7096207096
  1.1917007817  0.5596216923  0.4950266583 -0.0621185964 -2.3380194197
 -0.8221940272 -1.3184052950 -0.2269337871  0.4025412133  0.0511156868
  0.4309369579 -0.9739674249 -0.3409534558 -0.0250347695 -0.0001287401
  0.1170287136  0.3724216793 -0.7461741690  0.6884504939 -0.0940182358
  1.3000103654 -0.7494835094  1.0498146357  0.8428959767 -1.3565102720
  0.9411788290 -0.1857041508 -0.5015968969  0.6863277861  1.1423128829
 -1.3645746549  1.2159082223 -1.2732569790  0.7241368952 -0.5103247087
  0.6985803956 -1.4321897373 -0.5871821585  0.0471480006 -2.1618831941
